  0 01 10000000
  1 02 01000000
  2 04 00100000
  3 08 00010000
  4 10 00001000
  5 20 00000100
  6 40 00000010
  7 80 00000001
  8 1D 10111000
  9 3A 01011100
 10 74 00101110
 11 E8 00010111
 12 CD 10110011
 13 87 11100001
 14 13 11001000
 15 26 01100100
 16 4C 00110010
 17 98 00011001
 18 2D 10110100
 19 5A 01011010
 20 B4 00101101
 21 75 10101110
 22 EA 01010111
 23 C9 10010011
 24 8F 11110001
 25 03 11000000
 26 06 01100000
 27 0C 00110000
 28 18 00011000
 29 30 00001100
 30 60 00000110
 31 C0 00000011
 32 9D 10111001
 33 27 11100100
 34 4E 01110010
 35 9C 00111001
 36 25 10100100
 37 4A 01010010
 38 94 00101001
 39 35 10101100
 40 6A 01010110
 41 D4 00101011
 42 B5 10101101
 43 77 11101110
 44 EE 01110111
 45 C1 10000011
 46 9F 11111001
 47 23 11000100
 48 46 01100010
 49 8C 00110001
 50 05 10100000
 51 0A 01010000
 52 14 00101000
 53 28 00010100
 54 50 00001010
 55 A0 00000101
 56 5D 10111010
 57 BA 01011101
 58 69 10010110
 59 D2 01001011
 60 B9 10011101
 61 6F 11110110
 62 DE 01111011
 63 A1 10000101
 64 5F 11111010
 65 BE 01111101
 66 61 10000110
 67 C2 01000011
 68 99 10011001
 69 2F 11110100
 70 5E 01111010
 71 BC 00111101
 72 65 10100110
 73 CA 01010011
 74 89 10010001
 75 0F 11110000
 76 1E 01111000
 77 3C 00111100
 78 78 00011110
 79 F0 00001111
 80 FD 10111111
 81 E7 11100111
 82 D3 11001011
 83 BB 11011101
 84 6B 11010110
 85 D6 01101011
 86 B1 10001101
 87 7F 11111110
 88 FE 01111111
 89 E1 10000111
 90 DF 11111011
 91 A3 11000101
 92 5B 11011010
 93 B6 01101101
 94 71 10001110
 95 E2 01000111
 96 D9 10011011
 97 AF 11110101
 98 43 11000010
 99 86 01100001
100 11 10001000
101 22 01000100
102 44 00100010
103 88 00010001
104 0D 10110000
105 1A 01011000
106 34 00101100
107 68 00010110
108 D0 00001011
109 BD 10111101
110 67 11100110
111 CE 01110011
112 81 10000001
113 1F 11111000
114 3E 01111100
115 7C 00111110
116 F8 00011111
117 ED 10110111
118 C7 11100011
119 93 11001001
120 3B 11011100
121 76 01101110
122 EC 00110111
123 C5 10100011
124 97 11101001
125 33 11001100
126 66 01100110
127 CC 00110011
128 85 10100001
129 17 11101000
130 2E 01110100
131 5C 00111010
132 B8 00011101
133 6D 10110110
134 DA 01011011
135 A9 10010101
136 4F 11110010
137 9E 01111001
138 21 10000100
139 42 01000010
140 84 00100001
141 15 10101000
142 2A 01010100
143 54 00101010
144 A8 00010101
145 4D 10110010
146 9A 01011001
147 29 10010100
148 52 01001010
149 A4 00100101
150 55 10101010
151 AA 01010101
152 49 10010010
153 92 01001001
154 39 10011100
155 72 01001110
156 E4 00100111
157 D5 10101011
158 B7 11101101
159 73 11001110
160 E6 01100111
161 D1 10001011
162 BF 11111101
163 63 11000110
164 C6 01100011
165 91 10001001
166 3F 11111100
167 7E 01111110
168 FC 00111111
169 E5 10100111
170 D7 11101011
171 B3 11001101
172 7B 11011110
173 F6 01101111
174 F1 10001111
175 FF 11111111
176 E3 11000111
177 DB 11011011
178 AB 11010101
179 4B 11010010
180 96 01101001
181 31 10001100
182 62 01000110
183 C4 00100011
184 95 10101001
185 37 11101100
186 6E 01110110
187 DC 00111011
188 A5 10100101
189 57 11101010
190 AE 01110101
191 41 10000010
192 82 01000001
193 19 10011000
194 32 01001100
195 64 00100110
196 C8 00010011
197 8D 10110001
198 07 11100000
199 0E 01110000
200 1C 00111000
201 38 00011100
202 70 00001110
203 E0 00000111
204 DD 10111011
205 A7 11100101
206 53 11001010
207 A6 01100101
208 51 10001010
209 A2 01000101
210 59 10011010
211 B2 01001101
212 79 10011110
213 F2 01001111
214 F9 10011111
215 EF 11110111
216 C3 11000011
217 9B 11011001
218 2B 11010100
219 56 01101010
220 AC 00110101
221 45 10100010
222 8A 01010001
223 09 10010000
224 12 01001000
225 24 00100100
226 48 00010010
227 90 00001001
228 3D 10111100
229 7A 01011110
230 F4 00101111
231 F5 10101111
232 F7 11101111
233 F3 11001111
234 FB 11011111
235 EB 11010111
236 CB 11010011
237 8B 11010001
238 0B 11010000
239 16 01101000
240 2C 00110100
241 58 00011010
242 B0 00001101
243 7D 10111110
244 FA 01011111
245 E9 10010111
246 CF 11110011
247 83 11000001
248 1B 11011000
249 36 01101100
250 6C 00110110
251 D8 00011011
252 AD 10110101
253 47 11100010
254 8E 01110001

